# pagename,#complete,#remaining,#all
armscii-8.7,488,2,490
ascii.7,539,5,544
charsets.7,74,11,85
cp1251.7,660,3,663
cp1252.7,634,3,637
iso_8859-1.7,531,3,534
iso_8859-10.7,532,2,534
iso_8859-11.7,492,2,494
iso_8859-13.7,532,2,534
iso_8859-14.7,532,2,534
iso_8859-15.7,531,3,534
iso_8859-16.7,532,2,534
iso_8859-2.7,532,2,534
iso_8859-3.7,497,2,499
iso_8859-4.7,532,2,534
iso_8859-5.7,531,3,534
iso_8859-6.7,307,2,309
iso_8859-7.7,519,2,521
iso_8859-8.7,351,2,353
iso_8859-9.7,532,2,534
koi8-r.7,663,3,666
koi8-u.7,665,3,668
unicode.7,45,8,53
utf-8.7,62,3,65
